bot1_metric1_k1 = [1470.9166666666667, 266.0, 3100.8, 1513.9166666666667, 868.6666666666666]
bot1_metric1_k3 = [1203.3684210526317, 1763.923076923077, 1314.4444444444443, 1797.923076923077, 2053.375]
bot1_metric1_k5 = [1227.642857142857, 2471.230769230769, 1225.6923076923076, 1693.75, 1418.357142857143]

bot1_metric2_k1 = [0.6666666666666666, 0.4, 1.0, 0.4, 0.42857142857142855]
bot1_metric2_k3 = [0.6333333333333333, 0.43333333333333335, 0.3103448275862069, 0.43333333333333335, 0.5333333333333333]
bot1_metric2_k5 = [0.4666666666666667, 0.43333333333333335, 0.43333333333333335, 0.3076923076923077, 0.4666666666666667]

bot1_metric3_k1 = [12, 4, 5, 12, 9]
bot1_metric3_k3 = [19, 13, 9, 13, 16]
bot1_metric3_k5 = [14, 13, 13, 4, 14]


bot2_metric1_k1 = [1613.75, 3502.4444444444443, 1380.8125, 1154.6666666666667, 2115.2]
bot2_metric1_k3 = [2379.5333333333333, 1262.0555555555557, 1234.7368421052631, 1329.0, 2672.6363636363635]
bot2_metric1_k5 = [1492.2307692307693, 1679.5, 1408.9333333333334, 1047.8181818181818, 1424.4705882352941]

bot2_metric2_k1 = [0.5333333333333333, 0.45, 0.5333333333333333, 0.75, 0.5]
bot2_metric2_k3 = [0.5, 0.6, 0.6333333333333333, 0.4, 0.36666666666666664]
bot2_metric2_k5 = [0.43333333333333335, 0.6, 0.5, 0.36666666666666664, 0.5666666666666667]

bot2_metric3_k1 = [16, 9, 16, 3, 15]
bot2_metric3_k3 = [15, 18, 19, 12, 11]
bot2_metric3_k5 = [13, 6, 15, 11, 17]